[StartRecordingGMT]
StartRecordingGMT_1=2024/01/03 04:50:12
StartRecordingIsDst_1=0
StartRecordingGMT_2=2024/01/03 04:51:42
StartRecordingIsDst_2=0
StartRecordingGMT_3=2024/01/03 04:52:56
StartRecordingIsDst_3=0
StartRecordingGMT_4=2024/01/03 04:54:22
StartRecordingIsDst_4=0
StartRecordingGMT_5=2024/01/03 04:55:59
StartRecordingIsDst_5=0
StartRecordingGMT_6=2024/01/03 04:58:23
StartRecordingIsDst_6=0
StartRecordingGMT_7=2024/01/03 05:00:13
StartRecordingIsDst_7=0
StartRecordingGMT_8=2024/01/03 05:05:20
StartRecordingIsDst_8=0
StartRecordingGMT_9=2024/01/03 05:08:24
StartRecordingIsDst_9=0
StartRecordingGMT_10=2024/01/03 05:20:14
StartRecordingIsDst_10=0
StartRecordingGMT_11=2024/01/03 05:22:04
StartRecordingIsDst_11=0
StartRecordingGMT_12=2024/01/03 05:23:54
StartRecordingIsDst_12=0
StartRecordingGMT_13=2024/01/03 05:27:30
StartRecordingIsDst_13=0
StartRecordingGMT_14=2024/01/03 05:29:22
StartRecordingIsDst_14=0
StartRecordingGMT_15=2024/01/03 05:44:31
StartRecordingIsDst_15=0
StartRecordingGMT_16=2024/01/03 05:46:50
StartRecordingIsDst_16=0
StartRecordingGMT_17=2024/01/03 05:57:54
StartRecordingIsDst_17=0
StartRecordingGMT_18=2024/01/03 06:36:02
StartRecordingIsDst_18=0
StartRecordingGMT_19=2024/01/03 06:46:43
StartRecordingIsDst_19=0
[User-Agent]
User-Agent=Crashpad/0.8.0 WinHTTP/10.0.19041.3636 Windows_NT/10.0.19041.3636 (x64)
[Security]
UsingPersistForAuthentication=1
